141595
151639
118572
117748
118469
118809
117384
154057
122301
128052
155720
139229
119529
119950
106780
146255
177390
145890
124207
131011
124567
138194
128207
115495
111976
125996
123262
133055
130535
137283
151356
146462
137879
171390
1051168
139185
152726
185669
132406
122435
128977
127844
128817
133889
148406
72387
73602
74035
68111
92123
111385
58562
65860
62301
172112
54327
52581
60046
38394
47034
88119
59704
83691
32005
41051
42495
46997
41456
54012
54340
86582
44959
41833
31575
33374
33025
29370
25677
27477
40395
32386
60162
35134
82323
45465
45768
37745
29833
43398
39967
54324
74101
72851
41172
37331
28547
32531
33397
36520
28115
27947
26660
33812
45917
109912
65577
28844
37335
31837
42456
40794
27368
34531
32971
35827
32449
32780
49734
69635
70219
73197
59103
32122
32417
23778
21747
39455
37034
27936
49608
45180
34429
30438
24767
117287
30354
25790
25254
25749
24482
24748
25526
27390
49921
69563
29479
27038
27049
33113
24690
23228
22273
25072
24888
25013
25288
24887
27229
26666
28426
25768
25203
25932
24778
24985
24804
25020
26122
25694
27081
25817
25546
68189
20007
26061
29795
20640
19754
18837
22202
21421
23795
93079
69045
88476
22622
45603
22417
20242
44320
22532
88121
46174
22638
91386
42784
22485
90584
90075
90679
91236
94076
62382
92081
91005
90286
93173
42257
42858
22594
39696
90877
90998
90615
91101
92689
59589
98099
90538
92392
86183
85861
68087
34745
59818
45583
26775
57498
55608
65769
23061
54974
95843
97503
93059
68091
93115
78005
100046
41270
100700
43224
100594
98476
38356
108755
107609
41326
108330
111609
74439
125009
122424
124330
122441
124245
103608
108101
107558
108905
109352
158853
149359
145472
146889
144980
146175
117799
116108
110382
114224
114362
115792
178939
179183
180329
179938
179100
178501
177632
179500
181817
179014
131652
162349
211011
116838
120037
113385
114284
116509
115540
114483
127469
133298
121866
114165
114639
126071
115237
115113
114202
114886
118249
115042
128201
125864
123843
114229
114880
114801
166565
124268
126044
247013
205316
187124
185384
184226
181361
177576
175458
180373
167580
156400
171869
181920
133456
182749
179415
178115
171900
182552
170659
172786
175311
172964
167673
177468
179904
114253
108381
98787
111861
103152
79999
88050
82038
80226
77020
45838
41300
38427
41356
41029
40932
41810
32742
31238
30723
25472
28936
26569
26831
36197
26610
26636
39327
27360
27658
25504
25507
26589
25953
27757
21182
22314
22157
24448
22335
38277
21749
20288
33152
36884
23953
24795
26094
25518
25719
39170
24285
28436
25521
37730
36902
36275
22725
22433
22602
22244
35472
22236
23149
23382
24323
24286
45175
25196
24462
26130
24640
24129
24961
37912
24129
36056
18844
24042
22570
36995
23688
24583
36524
22814
36981
36491
36496
24958
30244
27865
41106
27829
20913
28724
28275
26757
29644
957133
30272
22922
27039
27454
36366
27604
27158
23532
175308
25699
26867
29530
25802
26541
26554
26300
27191
26646
99240
26837
28878
35877
40729
27279
27079
28932
31094
40235
25721
22362
21104
22589
40526
49463
59781
56069
28636
29291
17817
20534
20709
18172
16922
24815
23695
27077
34271
85566
26365
26298
24486
2157563
32240
30634
29830
53224
96086
75941
80667
30664
28779
30748
31654
52608
62752
31994
29196
27675
28254
29837
32517
34079
27995
519798
61191
88725
66612
33820
27898
25757
20429
26380
25334
25084
25670
28616
58831
72975
105267
63559
56750
30153
28393
30829
28036
30947
29649
29658
27777
33085
46229
41421
29090
22040
20997
19375
22735
18892
29238
29336
28533
33767
31081
25625
25584
68841
52627
23892
47424
26283
29519
24170
32465
24169
26784
35269
66073
36896
28593
26042
26345
27790
26309
22574
25212
21955
27150
19756
22382
39171
33722
42556
27250
26151
26292
26152
28806
27396
31430
35864
29941
145502
23514
21022
28434
28050
25282
22144
20660
28375
28808
29136
30053
36791
30576
29959
30278
34244
27301
26506
26269
25122
24898
33866
21312
19062
22129
21369
29713
25642
25408
26066
25692
24946
27760
26955
58813
26318
49704
58359
25486
21757
22675
22148
20632
21220
61418
61624
57812
56648
62732
20462
23335
26210
22503
24485
28662
30070
27793
27059
26793
26138
26196
31235
31843
28956
37397
45184
28541
27063
28942
23067
21817
28331
26721
27307
27722
27991
238451
1941064
44147
28079
27426
25884
22066
23255
21982
19404
20361
19509
39347
37444
29765
53820
28799
31873
51219
48063
21922
23675
51396
25413
32848
33052
29936
27502
29178
30817
28218
26844
27046
25778
24795
28000
25059
22529
26633
28633
26591
25916
23308
22608
51537
58612
52060
21975
27230
27192
25151
36757
22467
21219
22247
20957
58428
26751
52432
61380
61409
48910
41952
31736
30819
22806
21762
20130
21204
21711
21389
30298
87880
24245
26983
58855
40524
30041
30303
28853
26245
26180
26645
26818
26145
48568
29860
57871
27493
24817
26782
27743
25669
21497
19528
42629
25967
28356
23824
34319
546212
32699
24013
22116
24440
28256
32835
33370
63437
29564
98136
33459
25785
163303
24195
27607
26229
25605
22699
20897
25415
28297
21225
32834
26959
61359
57457
22729
22818
21249
20873
26143
40096
28028
30779
26895
23873
29039
25182
38151
29274
37937
28926
24115
22821
36834
23545
25548
22630
20584
51147
28450
22918
21223
39688
64177
60988
27779
28146
28594
25491
29893
27314
59479
58300
26691
43431
25279
22275
31301
25858
26867
26439
25548
25637
28075
27034
27654
111102
37592
26412
32849
28995
30460
22524
21832
22243
22792
29945
20779
17504
20083
21639
26324
38908
33250
32574
24009
28632
28102
23021
23388
19822
28047
22070
21652
22065
19336
26461
38102
26366
35538
26684
30725
64089
26322
26520
26597
27397
23434
37068
27347
23734
29553
27501
58136
58746
45045
60916
27579
59347
54778
27635
26465
27536
28244
28126
29920
26734
27055
27563
26228
26699
24802
37756
24723
25923
21251
51958
22693
36148
26823
28706
47691
25656
29716
26079
27172
27055
25938
25700
57894
47444
47050
40621
34791
58495
29077
30277
29119
26841
24844
22270
21030
22510
20755
59276
25145
29917
26784
28056
27438
22747
24293
25585
28201
27257
27619
23498
54009
22516
27399
23549
27641
21267
22024
20596
21793
21332
21075
19263
18988
32131
29607
58851
32955
134602
29799
25286
27578
20355
22088
22270
44230
38890
20788
15507
16455
26230
31135
31881
23578
26408
24790
25259
51234
23818
31050
54965
26848
22940
29158
29476
24224
28575
30135
26088
30733
29136
85305
24729
30144
30255
20683
30547
28596
25435
16206
16302
16260
16251
15706
21058
17530
23131
19900
39062
28858
26163
17680
16685
16818
36573
22454
19475
23565
25035
26509
31134
28513
23798
21418
23631
21188
19087
19918
22556
20888
26210
37511
27774
31013
29351
28101
27569
21735
25725
28064
27314
19610
24729
24497
22530
21857
62041
24501
30680
27597
24842
25979
26700
42794
37865
27924
30474
26739
20165
27107
26631
22473
42866
21985
38611
27737
21954
15716
20595
30888
21862
22616
20878
23536
21957
33215
27290
30176
28758
27779
29477
26518
27067
27871
24587
25489
29081
22820
29522
26503
27886
24813
25925
25428
27386
37079
26814
28922
33264
28632
29839
25148
29150
21907
37589
25624
21308
21090
24884
23100
19475
59556
48718
57025
58738
53442
29326
29537
26839
26110
22836
24650
24897
28062
26610
27347
24912
44375
39130
23203
23017
24311
59052
48973
26533
56750
27800
35639
29323
26778
24025
50844
27450
21172
49366
28886
25611
26911
27099
47139
26644
26455
27736
24539
26242
25430
31687
60254
58583
20427
20866
63474
58415
61866
59956
30646
26396
33178
29208
25754
32896
31192
27012
60031
58992
25743
24927
26348
27004
30193
26006
50830
75462
57258
21770
20786
31214
27815
24973
24750
51244
25540
56935
27601
26603
25941
32574
27140
28984
24211
24335
26621
23752
24611
31717
32362
32486
27708
25988
27063
26669
52728
58812
22503
23818
25742
27670
21221
209823
21447
26674
55613
56655
57990
21228
28950
67692
24163
22901
23916
23918
22927
24701
27789
26357
33463
23820
21235
31687
50027
30162
29830
25297
25601
28965
21744
33068
19818
30614
26902
28963
28478
26834
632107
44763
27646
26217
29000
29239
31504
30246
27226
25606
26523
24537
25422
41942
20422
20119
30827
32834
29169
28437
28662
34624
25418
25323
21675
22139
28046
26692
25098
22855
20484
49699
52346
22690
21784
47164
31650
24899
26854
28711
21971
30896
27800
25871
23514
21548
37966
40131
36295
26701
28025
60634
58871
63766
27648
31930
29786
23066
22719
20218
19852
21801
22996
19413
21460
37072
50054
26418
32142
31036
31850
22478
21053
21004
29514
22151
21435
36959
26084
22731
20570
38355
23836
21528
22302
20590
23103
75682
23520
39883
26943
23073
22688
19654
36342
42564
27214
40452
62307
27555
29019
33263
22486
20156
22889
21620
22894
20177
28280
57034
81618
29959
29429
33481
20962
25789
18263
18212
21312
21527
81800
27237
28687
32578
31103
28699
26786
21069
20723
28129
58916
52479
28875
28567
45473
1294220
25876
26969
35259
22261
19354
37502
23669
25859
24264
24573
26589
20373
29059
23356
19871
654374
29686
27624
25682
36840
23453
22879
21845
20999
25324
20567
28691
27326
24646
22554
20577
19657
23814
22344
20947
21337
22964
18921
55361
55369
39962
22184
18865
19550
22403
25308
21818
19533
21110
28102
25871
28070
25878
27364
21392
22611
22190
22709
21927
21906
27815
29401
53434
29814
22467
19633
21187
36608
22241
55129
20027
21836
28481
27783
28637
30663
29364
28906
26987
26720
22434
20850
48001
26796
27985
29961
30906
26508
31959
26632
27778
30674
25918
48050
34918
40303
27384
24016
29873
25668
43242
26520
38656
30666
30600
28612
26613
25511
25414
16517
15783
54839
24461
39310
72796
27075
25130
26420
27455
26197
30660
21816
21805
28437
28754
22905
23186
21511
21505
18803
18190
22141
19294
65449
30396
28342
22393
22338
21276
33288
26042
55796
54731
53845
57259
53258
47636
25991
38512
26246
34529
23623
23059
23869
29050
25914
22745
38754
26381
22620
23027
33402
21368
22459
21294
42666
25255
29214
26018
22997
24055
21733
21530
22127
21169
42599
30683
21877
26769
20244
50508
23304
22533
27507
32053
25481
23967
812122
21185
38997
23983
23746
22097
21046
65383
45335
25551
21365
23375
27700
31507
22883
41224
29132
27107
59247
65372
52450
25496
22061
26842
26072
25904
24330
30129
21320
21274
19404
22873
23175
29354
28803
27959
54200
52587
31874
25245
25037
128862
31629
80231
29415
27466
37921
63405
56075
58842
25366
26401
26187
27237
27616
36075
20097
24557
22107
36432
27274
27037
25426
25828
24797
83953
26226
21872
24357
23142
22472
24297
20906
55696
54403
53041
53907
22375
21765
33250
23637
22161
21456
30154
29011
22613
24957
24155
22404
20918
22169
22157
22831
23536
21354
29547
29772
33415
28060
28018
27531
27961
32035
17811
25401
31989
29248
30048
25799
27063
134467
32863
20024
27552
27780
36578
51410
27418
23848
22320
29404
26638
28535
29729
22425
22890
21495
22739
42507
31258
22700
22328
23171
26813
26899
56870
27700
21084
19098
19271
21802
21697
31179
20416
21917
27923
27192
20595
21267
27284
24930
22636
22773
23171
20383
21768
33923
28126
25367
22701
21479
22277
24518
33639
51020
25728
17731
29691
25032
20339
27512
23550
23857
23847
28455
20734
26124
216935
27059
20138
23302
22593
22441
39341
55103
46924
56067
19372
29875
47573
37594
27524
22513
23020
23044
21936
22263
22239
20145
37542
28286
25418
21431
22472
34354
38369
23782
57303
50885
59462
24771
28903
41383
23276
23737
22492
21409
22865
33910
46480
57823
59976
25108
22800
22422
22354
21159
50236
31062
56125
19498
63625
27693
28057
29430
27541
27139
47666
25355
19790
32229
28719
31579
29894
26646
25419
74805
53643
53296
23692
21232
21945
27332
26427
32202
26547
30679
25891
25723
27452
28007
27015
43024
21010
22857
21012
34069
26939
26160
27618
24651
23882
50193
27671
37348
29051
28037
24706
23487
22391
57426
56582
27354
24331
21466
25394
26382
28521
43893
54730
22583
25336
34268
23143
28621
28246
29172
128724
28622
22045
30483
31599
31214
30392
28339
25650
21637
28639
27763
24846
29623
24044
22895
40530
21849
21657
49534
22502
22081
28608
19729
29568
27346
28012
28999
25827
25829
44456
25142
25380
27276
41691
26250
1110475
30239
27229
26377
46391
20864
21084
21608
21825
38604
33895
24243
20956
19890
23294
22495
22257
22419
38441
26348
25235
36565
25742
25669
23775
22356
21950
26177
29220
26806
34250
24231
57600
26265
30054
23642
34358
31778
27299
24329
26580
47343
30674
33712
28484
27489
25288
22136
137757
25519
24900
38512
22456
41510
26469
25802
27592
27165
26609
29347
24938
23815
40824
30179
23834
24174
54084
27416
25961
41561
26190
29193
28795
30002
28018
26906
24278
43150
54897
57968
48067
28793
31449
34874
27678
52268
54769
21474
58739
27774
22167
22205
28307
24659
25843
22988
28481
49828
21430
53010
30947
26241
21300
19559
22777
23666
21201
22492
30485
23087
23303
20438
19568
20294
18646
51787
35603
21761
724603
29642
23971
22691
59382
38185
23885
54532
23057
453541
41860
24349
33858
23930
50552
24127
27438
34813
33926
33061
27086
24644
24981
25695
24166
30935
26868
35298
26392
27697
24581
36950
26333
22420
26670
29704
29656
27592
27612
19495
21986
28368
27089
31694
22808
20977
37593
20320
57654
53911
19877
27614
28592
27757
27587
26369
21150
23712
25858
22796
28582
31274
23384
33340
30246
28630
25709
27208
26473
24169
22720
21354
34369
21094
25585
27466
31569
44165
24112
33837
30795
24712
21975
21855
20551
22663
25485
56265
63066
50508
52600
31427
29906
24362
22822
21296
21740
20952
24104
31987
24530
31684
31679
23070
22430
27726
19590
22339
19809
20032
31751
21484
19279
26238
31941
27630
29635
22415
22203
20501
23079
21303
18444
19296
24168
20918
21095
21707
31659
26088
54027
24537
20158
18362
25869
31340
31437
25264
26462
44436
21708
23709
35563
28741
29827
24912
21218
24496
54393
48850
58688
31067
29688
29719
26637
27064
23202
28155
22378
21997
33654
29712
29228
28391
29793
27355
56682
44648
23590
20650
35825
25190
20213
25599
32586
26326
23782
25384
25550
22865
24686
56726
53347
26527
27246
27192
28481
27954
27797
26289
27747
25027
20506
19594
22036
49653
32470
89063
23708
19293
30580
52679
55978
26737
22713
28297
26511
26251
55717
28187
71933
25974
24577
32806
37952
30008
29604
28138
28295
19983
21989
29014
28888
31799
29800
26703
21813
31822
57623
19213
27656
26943
21533
24817
25221
21733
21644
19654
26323
30004
39142
42203
24425
22661
22183
23609
19194
27638
22017
16677
1056147
32017
25206
20314
36430
25010
23682
45155
29210
23539
22140
20284
23518
24755
21755
21479
26931
28395
30354
27461
26800
41957
24696
22627
25447
35718
30874
29788
31858
27592
29414
25149
22603
23733
23440
26500
29802
27641
24616
28767
30112
21953
38684
37425
23082
21898
21372
26639
58115
57300
47509
47419
27058
25142
27406
20726
29054
22473
24456
19094
22453
37447
26093
49508
19426
19835
45441
29151
32378
22039
23386
27509
24807
26916
25160
31743
28202
24392
26193
22612
23045
24345
27560
34492
29111
33821
25902
23919
27252
27099
32636
26906
26527
26716
30818
51224
31271
31753
28093
25963
26047
43982
24832
25083
40704
36553
29035
84926
29565
25018
21146
22008
35305
25850
45687
28282
24732
54348
44036
21962
45133
28305
26840
27458
28247
24028
23632
19335
21275
25245
42642
30924
29927
25071
27671
38911
25941
23928
23998
35056
32957
26811
39254
25517
33463
26970
25105
41035
1002474
39119
30103
25919
25346
26509
19130
53799
39931
25436
26137
20508
20595
21911
27624
25956
25206
22966
27077
21619
19908
19866
54609
54641
60004
56909
824877
23375
24418
25093
20554
25939
20939
24700
21661
20823
21373
19952
68098
21019
23224
37770
22289
23487
25982
37159
23824
38493
25415
18932
36683
23335
24889
24807
20719
35770
52685
50958
26025
25302
20275
33322
28322
27194
55784
47075
31851
38102
35902
24497
20278
25703
22460
21564
23444
41767
21745
22387
20371
26802
38345
59450
51739
50912
29549
28645
21927
22951
28354
22386
17886
22962
21491
35112
24023
29075
49135
30998
26484
25305
27927
26457
27921
24590
43670
29632
24159
24662
22392
22282
21817
22811
22541
56390
29171
2105699
23898
21882
23282
24133
20488
19505
20007
21057
20797
29821
31467
22447
22257
22006
20981
19686
22199
23946
22051
21399
29542
28352
22269
21352
19903
22400
22200
23002
30991
59202
23313
26913
27747
43951
24348
31462
22522
23163
22287
22390
20038
21362
21749
20815
36812
29930
21242
26427
21036
19862
23470
19461
21851
21652
34594
37720
23681
48783
28179
33206
23977
39972
28379
24226
44195
24898
30138
22977
24183
34634
23607
22210
74243
26128
300163
23268
21608
21668
21528
24146
22884
22866
25718
24471
2278601
22930
25330
20364
21468
21105
25387
27875
22456
27443
38975
25386
24557
71648
23803
22044
20820
21993
31785
26575
30567
28906
27125
27020
25130
23838
26475
30009
30825
23040
20786
19133
392995
26643
56005
29864
26824
23332
22419
22119
36508
37736
29752
25914
24428
37290
25733
23061
22627
24053
22741
39390
22348
44724
41953
32290
39562
21538
26446
19080
22589
21699
21282
21909
37066
41308
22542
31585
20597
22739
22266
21970
23437
21274
19128
39270
29871
22041
20885
22384
27081
39783
25036
45952
25257
23996
23440
22170
22050
29478
48815
52406
59212
30614
33757
22647
21459
22204
22051
22867
22491
21726
38259
27133
24214
20811
20067
52730
21150
19533
19060
22145
19716
19178
37798
29181
23254
21330
22075
19058
39179
29061
23822
24217
29033
30269
22418
18497
21690
21943
23403
22274
29516
58782
23950
23828
21318
22752
24494
23366
20601
26269
17758
20503
20944
24683
23237
21817
20120
21340
22177
23360
21580
22276
28074
31092
31482
28162
25316
28091
25968
19321
31299
26783
49464
29309
27749
26185
25422
28230
25737
18907
26232
27394
29583
28923
21771
27689
20075
26578
30621
29107
24153
20858
21447
22941
23229
22108
22397
21554
35481
22101
20776
29639
29923
24254
28630
21555
21291
25495
39155
22546
24348
26493
25821
21792
22601
28340
20792
23209
21819
21966
22849
28626
45663
56172
25378
28729
29665
25845
24149
30979
22523
21144
33502
45913
29541
27239
25104
26583
21763
22244
26541
21648
35365
27615
28803
25396
28702
24359
23408
42038
27330
29543
37133
20965
20653
21667
39617
22845
27229
24568
20108
26857
32947
26818
23687
22597
20852
26279
34264
26723
28676
22146
21084
18197
22143
21521
19971
20507
22267
29447
40909
22487
20538
34593
38878
22339
22294
21959
22371
37584
41537
21573
28817
22554
21983
21476
23769
37156
30839
24491
25701
81707
29118
22721
54440
55807
26090
25363
29822
38486
30340
25844
30405
42416
39365
23478
20139
26717
25043
23406
28895
24760
37082
41368
37185
30653
167843
26049
28213
25580
49908
55126
49514
27457
32269
28619
28833
21817
32316
31729
26041
24613
21627
46336
22648
38691
26451
26167
56176
56464
31133
21310
41508
23383
22608
25448
22755
31351
58912
19000
26363
24838
27943
44030
28640
27944
25924
25040
23096
58133
22298
22441
23147
22321
52888
33318
25624
46350
24330
26784
22834
37313
29014
22091
27158
24770
26439
28869
25004
29682
29047
28229
27274
28749
24692
17281
25932
20421
22004
28682
26958
36168
30863
25176
21598
25126
22565
26087
30138
27718
22257
20679
22071
29526
41205
22378
22680
21534
22440
21214
21431
21151
22680
22925
32891
20720
47439
25503
52832
52378
25704
22257
30094
26392
29891
30579
26895
23867
22893
37577
28076
29907
26622
22862
23981
29742
25764
25913
24933
22226
22405
21938
20072
24492
25099
26276
24604
27363
34712
27415
23582
22816
27238
33360
24439
24126
20255
22826
22609
30275
25229
54195
66911
29420
31470
161905
36365
21539
23615
25241
20740
62743
55760
51844
26797
25662
28380
22005
30629
24545
60049
50598
18219
21444
22225
26001
25844
22927
31842
43593
32774
22380
39681
48734
23534
23046
35121
23174
22084
21801
21842
19409
19365
43942
31408
25226
21447
24605
29814
39552
23685
27970
35462
27614
30740
25633
24092
30650
56232
41442
50864
28434
29668
57428
22856
21974
32920
36030
22880
21100
36916
29302
30738
27851
28976
21232
19143
22390
20716
40071
82764
38353
35268
19735
22176
26898
30284
28430
23090
46620
52226
55751
24198
21490
23178
20829
21199
45633
23652
27519
21390
30683
24456
28269
21636
21380
28969
54463
56389
22926
24604
23572
65144
23075
64573
50471
55837
51939
22542
22817
25920
26017
23778
32592
25489
30500
30748
32731
27636
27494
28500
26792
30226
25445
24780
29024
25812
28839
26947
33551
474357
25778
25077
23848
25311
28422
25744
26399
23781
24576
20504
22993
31830
29554
29957
26490
19805
22490
22666
28904
23107
22508
21640
22257
39069
23407
21370
21526
20238
39987
65448
54006
20204
25452
24590
25584
29660
27477
28855
25870
26879
20783
239379
27731
23456
21874
35287
21626
22053
35582
23857
22628
34960
33898
29876
30473
43868
25007
23128
22658
21637
21979
30876
54052
29571
39782
24934
27002
27442
24561
24495
42304
28727
23684
21700
26391
33757
54462
49632
27581
29168
25367
26704
26493
27298
59401
51887
34204
28775
35748
27861
39909
27038
30130
20391
21960
32523
28290
22050
19335
19927
27991
29222
22324
18592
20993
25664
27820
27414
25984
20128
20961
19302
20388
21144
19537
20808
27966
30002
23306
19103
38498
36346
23324
46487
40779
37738
19994
40400
29783
31706
29246
31152
27532
26202
27973
47462
30204
27244
25187
20844
21068
21899
35961
41740
39082
37047
28927
41731
21620
22429
22132
22839
22527
24583
22054
22799
19383
22357
22053
21524
21872
184457
25412
26378
25444
24863
36684
24979
20628
24733
30300
56037
53555
20159
22049
30314
41130
23220
25177
21732
24824
46623
54510
41301
28366
27263
29057
27073
30322
27645
57058
49808
2305480
29740
26306
26116
29757
24994
23085
52286
24694
20464
27320
31565
26797
32203
21771
53179
17464
22974
22651
21927
25789
34848
38957
21174
21970
27575
30363
23864
23812
21378
28643
22299
34279
25416
22211
26862
58694
27814
21583
26922
23059
20751
22892
20925
22590
21606
32028
27896
26404
37159
21990
21874
20684
59582
52257
98708
51148
29246
23554
25355
26313
28859
41161
34239
22310
19776
31109
29326
22492
19740
23231
22572
22441
23430
21159
29086
25025
31402
32517
23848
19776
23243
22975
24143
34491
40282
23793
25116
28737
32598
27125
29070
26454
26878
28027
54955
25733
28768
67487
27527
27998
23249
31673
39846
22282
29126
29773
28348
30883
723300
25353
27984
29407
27498
21667
28809
27430
27354
23717
27614
25019
23054
28782
47763
29295
27509
37850
25818
234150
26577
23154
28382
27664
41797
28363
33139
27111
28037
21024
23824
22684
29549
32613
31358
28411
25756
26981
38183
27665
25860
24357
23594
23121
20181
26056
53073
55315
61788
58888
49543
24418
31520
30675
29237
28935
31116
58574
56622
53965
49650
28487
27729
28567
26563
26324
42106
20539
20828
21349
35006
25596
22581
30916
22270
21772
16872
23949
22191
34401
1492074
41063
39751
30311
25779
26357
53403
23042
22200
39021
39101
37944
29501
41419
31738
52862
55642
63074
24158
24771
26670
27002
57922
56963
53899
50496
53543
36749
26804
25810
26987
23826
21085
37669
25339
23706
26187
39994
22931
21667
29913
26190
29706
25139
36681
25393
21368
29120
55768
53830
46023
22066
55415
19489
28284
28424
26485
29185
25043
24969
36783
27455
59277
54526
28189
26058
28818
28698
30733
23936
24143
25999
50607
30374
28560
22082
24504
22354
21676
22078
24598
19373
39126
53703
93563
30908
23257
32700
19079
22309
26217
31707
63055
56347
55477
29554
29731
469390
28866
22698
21696
21383
19545
27452
28180
25157
19717
34536
30827
28222
58215
56399
51808
31403
26163
28615
22253
27239
27432
21558
22280
21865
32059
27799
32796
28314
21845
25808
65907
42734
51897
25245
32485
31400
21662
23030
19650
28629
24609
23080
45198
51639
64647
65633
30290
26584
39671
20357
42908
25975
26768
27706
23367
23688
27248
22169
20714
21617
22121
33035
20065
19461
25585
25780
29006
26706
23927
21141
40516
27647
37479
36466
30920
62674
21429
29040
24544
27476
50721
42774
25122
24358
38955
28340
24280
22633
21710
20934
23350
34915
35063
34575
31813
321763
22313
30225
22097
22347
21330
23512
22441
22142
29504
26150
24862
21290
19276
23005
35059
21923
21371
20529
1146043
32503
23137
32157
26217
21724
36118
34643
31386
28044
22845
26334
26152
27927
21466
34153
32970
30309
28203
25156
37511
19983
44013
27876
26008
27989
27832
25493
29751
54110
24001
16715
16160
21037
24572
36420
45156
30717
25815
23965
24637
18938
732955
31730
22005
21837
23336
21761
66510
60484
58067
51555
27820
30375
24437
23003
23476
21945
32757
25638
22118
29857
51210
29562
27384
28760
30118
23718
26287
23143
18203
23631
30552
81162
29814
27493
27409
28827
22747
23827
23522
31417
26814
23650
24086
54379
21748
23574
21814
26711
55416
23147
21391
24426
31226
25099
21411
24516
22737
19535
21843
41676
30476
37111
24726
22812
19929
22432
22656
20629
22278
22250
27363
27188
23699
21768
20118
39946
21664
21421
20228
20941
26796
24366
22911
21893
20755
21546
21288
43231
25086
27192
28660
20787
26893
25753
27118
27493
32224
24871
49281
45300
21790
22798
22720
24471
20710
27209
58627
55326
53154
45823
36878
28683
27342
26441
35910
24232
57319
25029
69321
96493
27855
26932
25363
60952
27531
57060
58973
40990
53401
29365
30381
22267
21731
20305
22791
22522
21914
18973
37087
23681
25637
21678
21749
36307
28630
25842
22719
27858
25169
23294
47378
29194
46431
21492
22839
21812
101003
84472
21766
33926
21133
35809
36905
29124
22560
25541
21427
21724
27025
39869
35549
27960
38851
40774
24227
24699
27387
30220
30423
25293
23662
46622
23291
25575
34022
25498
29652
57191
44125
52984
51760
42774
31277
29810
28808
25924
26152
21896
24271
22893
34547
21227
29659
21348
28885
47770
57689
48748
40876
43142
53609
40941
27386
52704
20949
20378
38250
29548
53848
51437
51837
28988
27650
27055
36861
22833
33805
26126
30730
21393
24654
23792
23337
39221
20930
28290
24970
28739
25266
23622
25318
39159
22349
24114
20859
53723
22603
66395
28116
22581
25111
35660
37712
46172
39666
59265
28902
36958
24429
25141
29762
27963
37755
28254
24393
26481
23539
26308
49981
58492
30512
28481
22228
23188
21016
42524
21208
25884
18776
35815
25431
21610
26601
26698
26848
24755
32060
25195
23651
23796
26330
23597
21383
22085
49959
28319
31455
25181
24038
35427
28262
21581
27592
26590
25217
23203
29296
24800
23613
25448
42509
27085
27146
24434
22622
22361
21585
19491
22108
21626
21403
31583
27112
27598
21837
21646
25458
22512
21640
19769
45311
28925
37395
23566
20700
35301
22176
24232
31748
21441
23130
34260
28547
30892
32913
28514
31585
25168
21347
18026
38409
30538
29512
22660
21245
21113
41562
22295
19531
34142
27349
28771
27024
39772
26250
25806
20969
21594
20678
22376
40337
31984
16564
39567
36176
19514
22034
30768
21556
26593
21264
21978
19369
21976
30317
28436
26552
24356
32748
22559
25875
26398
1154839
31372
26055
44931
24775
36108
25752
24328
25239
31727
30722
30338
31402
32961
20027
44050
43988
51432
28573
29571
23863
24618
19709
22740
25649
20816
17929
27509
21769
21073
22178
27540
25931
25610
44066
23509
17400
25523
24161
40993
23091
24327
29199
25719
54683
62388
53616
52073
29851
33363
24035
22982
21057
30600
21156
26827
20223
22819
25868
21618
21247
25902
20503
21271
26611
46365
71218
50237
69337
25140
30536
20543
28216
27320
22542
25699
45994
22250
19388
31484
22869
19292
24404
25669
50033
55393
54836
62764
26396
27511
26927
26097
25155
26806
29244
19472
37726
21491
24986
40239
28368
21506
21241
35191
33345
34101
22955
24845
21930
31577
47127
790375
62214
55697
51308
34506
30566
30119
23151
36213
37303
21949
24561
23384
21055
39708
21021
23394
31417
23156
21328
21505
121109
54329
20324
25344
27372
25702
23435
26825
28553
26565
21516
23025
21312
20665
21430
19763
28162
21170
32413
33318
22502
21418
19888
21714
22223
21129
22797
20880
21311
21306
62546
28958
37839
22393
21118
20928
18843
20451
31692
30458
32798
21965
20918
21281
52495
63011
70149
49697
45255
29115
29034
22648
22616
18060
37862
20797
26841
25477
34483
34856
21459
33490
32195
32046
21160
22216
24454
20467
28900
22964
21481
32470
28936
31434
21481
22259
21481
41318
20276
20858
19545
18759
31776
25314
22320
21984
46465
20586
21982
35587
34573
24224
23296
599859
24112
21554
22130
23308
36831
19693
29812
38015
36794
22168
25454
22024
23411
44088
65510
92476
56159
26834
27888
59049
51280
26064
26832
27752
23526
28768
26328
57777
46225
42667
51274
27253
39315
21195
22390
23561
26548
26929
22529
21310
22871
37543
21792
21951
29041
35183
27954
56808
52189
42537
49638
22667
22419
20897
27808
25679
26104
23459
34034
38599
22723
25584
23406
62175
24528
20000
22157
24124
21724
22504
22052
22330
26345
22857
20948
22496
30105
22148
21798
18466
816679
31872
66250
23141
24369
24719
27797
34974
31558
22930
21573
20495
17770
28360
69247
20773
22127
38520
36962
31453
85369
95125
69916
28907
29993
20184
22957
23771
35270
26638
23721
21207
19169
22389
27693
27862
23323
21527
35621
24843
77629
30562
19404
34735
26292
26488
28220
25893
20748
22148
36772
22225
33739
21787
19790
21545
20397
27993
29779
22694
20914
33390
36514
22652
35503
20935
34132
24050
25038
24309
21410
17567
19832
19490
20711
29733
28457
34246
21499
21369
20434
23110
77932
26131
46277
17871
20529
54229
29830
21838
26763
27078
23807
26313
27127
26141
27598
22492
26388
31065
29990
25425
23742
25111
23679
21294
24933
23676
26148
20597
26686
20643
22841
26178
25515
24077
24373
30885
30074
30676
28065
27199
29308
21580
21640
20812
30725
29318
30385
26652
28721
31066
22027
19409
42335
31820
32979
30315
27668
37405
27728
59966
64099
22611
21663
23558
21271
28598
29891
21808
19038
21503
46777
41149
17626
30263
32615
23289
23965
21480
21135
23669
19371
19347
41695
28890
23176
23472
27722
49207
53002
25158
21654
17851
20699
28886
28752
29048
38337
29274
29172
58297
21223
20585
21460
37579
24118
43965
22335
21034
20003
26614
88882
26034
22087
21508
27518
39217
22526
22127
20863
23996
59208
54441
50855
61042
26628
24509
23366
25234
20055
90275
23603
19792
22534
21234
23570
24392
24176
23113
25811
21828
18583
21268
21657
21868
22333
21445
23239
57234
66100
21057
35825
38037
24230
37525
22430
25082
30674
23724
29484
54396
57122
59388
27179
27301
31060
26797
27113
37354
25773
23989
23358
27722
32238
27562
29105
27442
39371
26886
36756
22512
23444
35576
31967
30753
40738
28034
35963
27514
39653
39603
16844
205665
28928
28817
28853
24965
35277
47651
46415
18087
33928
35463
25815
30392
27053
33134
46952
21941
27787
25727
28033
22980
21096
19287
21481
26497
23286
23991
22860
1487147
28891
26679
21932
18422
20748
30281
56036
52688
59780
24991
32056
30782
25239
25424
26806
19303
25854
22454
21290
18939
24242
25151
22246
23131
22283
21642
20048
23226
28542
19831
37189
24274
28480
41179
23573
22975
20750
21937
35100
38612
37291
40772
40849
21401
20802
21224
21056
32650
26503
38640
29429
38699
36877
36881
23702
23067
21696
28617
25235
69062
30267
29184
24242
24384
36898
25162
21740
27393
21252
22455
21580
22228
21233
23741
28529
21273
31189
27065
28574
24877
24712
23434
21873
22396
22203
21822
21262
33635
65631
25827
19373
16396
55635
29764
33634
22184
21761
21016
21157
33000
25188
34497
19928
20482
24640
25300
22727
21378
23428
24019
26270
21657
18512
33541
27593
31461
22194
56300
26430
57107
17445
51185
