428174
327567
343471
328500
331837
316139
332724
303933
353548
341150
332599
332117
327932
325101
336234
303990
301873
266243
259251
260824
264719
261647
267044
267493
260626
336698
294281
291630
325349
334134
291010
317982
249241
290911
277635
306000
546929
469841
361060
452683
384647
414442
340927
300176
365016
291101
312197
295395
206263
197852
339506
204879
259359
301231
241610
173657
217577
254470
360172
143495
105563
113000
112540
97501
156555
131845
147204
126326
132795
129738
426774
223016
168924
168877
161403
142147
158341
126744
109637
96763
183479
144233
120034
180699
258335
166322
73965
57409
91516
58350
86154
106906
94140
114347
96425
65414
86801
124699
66443
66628
126793
65233
85176
96473
102342
92315
84640
155238
190225
70119
60185
58823
59849
59079
58995
99405
69001
59023
56725
60193
59508
56295
61083
64490
56841
60028
59659
58787
56770
58408
60718
59884
58884
75681
60583
67955
68361
85106
70123
68349
70984
68731
82727
85654
82621
82965
82703
82742
132195
197383
219386
239088
240787
241393
235717
237415
238793
192843
194858
195555
282103
239639
276930
236919
237437
243209
213027
264370
310888
365558
363958
353115
360292
354507
292753
260410
259919
263114
260285
259075
262986
264375
280902
268294
272756
254813
259963
260949
265188
261390
271002
264445
260319
270712
267178
258327
334232
320757
329466
321941
323078
309570
362803
369574
355997
358390
331994
357806
345532
308615
307815
359353
356894
388751
354892
306618
358470
295016
339406
368652
360558
366732
367848
410486
355692
357847
367697
369085
402377
365646
364295
375615
363858
324066
260125
261384
258321
259279
271244
270565
363161
351678
373826
313360
275717
269274
286935
271312
274130
453390
249073
263877
262224
259222
259637
265027
258146
264504
259398
258794
268717
255244
239722
270966
258118
271432
256424
257337
261504
257403
257358
389899
353794
362782
354977
352915
355818
353981
354750
355267
353668
351510
334175
356045
354163
355408
356266
354226
353760
354790
320288
356678
334087
365218
362461
352306
390293
362302
401549
361276
359005
363031
360537
435276
361162
359877
362825
359146
367190
365324
361352
361933
354231
373814
355830
354170
359390
351787
602607
355025
355233
355934
352918
379791
392807
259218
261952
255869
257411
261609
257585
262314
402407
361345
367256
361955
300215
257035
257759
262849
257625
376776
356175
356127
357500
330331
352166
356909
352437
356143
352743
305028
354960
354558
359891
354492
359307
356889
353302
359648
352603
361035
356807
354693
297893
318981
348142
336056
330186
315701
319144
320253
322969
353597
352417
308279
300485
380017
354217
353310
362705
360848
382561
360609
325030
331181
326663
386241
359101
352458
363760
362288
377008
313764
279964
312119
326774
290160
272136
280523
268971
251027
216557
236518
220370
255469
259842
350733
324175
357358
399082
366673
353186
355787
355450
355160
354452
353181
354893
356187
352438
280287
258203
257033
262028
256526
257093
260376
266308
325003
310409
354174
282379
256661
289012
263241
259113
257096
255776
255899
262478
257798
257556
341207
353219
362701
360594
359462
363038
360847
364850
352930
352391
349760
268597
264312
257103
257192
271971
268527
257911
259352
257279
270292
350240
355728
364123
362374
394081
432191
402442
390934
410874
397813
414047
356816
362949
354790
366798
359711
349458
359722
356442
362768
362765
330000
366692
360658
374010
361919
354170
356481
354893
365923
355225
318827
360592
353649
362745
353700
318930
319859
320535
340344
319941
318784
293118
319910
319918
323443
303570
327482
311814
304431
324093
323425
340919
290893
305088
328513
312382
348604
357732
354528
364015
360575
347476
387309
354393
363346
361707
358085
358675
353257
364394
360960
353200
364701
300473
260986
256637
259108
260680
260452
279608
278205
269904
282243
258902
350681
334344
380435
319434
267952
268967
275719
277535
260948
260401
258634
334929
350496
352801
356173
354207
357346
354668
421163
377783
353220
327279
361602
353082
356433
353944
361144
354369
353383
356640
355858
299147
270819
257569
271607
268163
288245
256529
259315
259765
268445
258320
270452
292385
255367
273724
271262
269452
265434
269991
250188
257006
300576
326684
418307
368136
358440
311879
363507
360507
363508
361151
325974
358527
357800
367858
356790
398292
371160
361138
364540
354509
393683
356860
320028
262062
297613
362937
335027
301712
359260
316889
382326
356208
353431
316768
394624
361467
363867
360364
354401
356251
355680
366236
352932
364955
297103
257261
253152
257319
259017
269961
258806
274616
261035
255871
259264
353159
338723
331200
307746
356440
306164
232847
255186
209029
233557
271321
310385
304733
359290
290672
354507
147926
148907
216065
151316
75828
132049
139807
136011
150649
148788
131856
146803
95757
118979
116733
113993
97595
78590
80394
79980
40473
87862
91541
65169
60389
83909
85358
89588
102330
63958
52452
51011
88092
60197
48561
52571
64195
98156
94162
94189
186340
186884
193070
183316
185469
183440
184635
182970
147604
185646
184553
128031
183265
185104
232976
79793
115008
130721
74730
178077
177609
180676
139221
185107
184429
182680
185105
184613
151459
189525
182185
155517
197978
201070
195450
190035
170937
170356
202859
205765
219693
139830
222052
196600
248183
157664
123397
305278
268006
239557
298782
300971
313264
313305
353827
354182
322649
354725
356959
257451
255916
262979
258627
296574
260494
327384
249786
261452
362693
345584
267505
305440
293008
339334
360962
348534
326384
334297
282667
333277
346576
340226
282285
235943
267587
249443
266869
266369
324484
293767
196164
211261
176781
152734
172334
132182
149385
124286
91426
70529
77421
100791
86478
77658
81961
72323
77538
76223
77307
76764
75709
76215
76169
75926
77228
76982
75811
76248
77492
78448
120279
205232
104802
200335
203993
205658
76694
77456
77636
77088
79939
96521
92636
92292
112322
120425
118561
114905
161923
162145
153825
257209
258833
257984
277167
252760
254342
252834
252752
257511
253012
259026
247264
246294
342912
308424
424498
356283
353217
356425
352207
423797
363796
362512
364817
353216
336239
354983
353500
372322
352500
369919
353717
353782
364488
295315
269568
242406
257815
271925
265808
268381
270444
270460
272888
259840
258357
348036
374868
367905
363103
387660
363756
362335
356346
358208
353400
357098
367073
344541
365795
364870
367768
361682
302208
272342
256487
327946
263445
255287
259752
257994
266752
270852
256246
259416
257000
244955
258721
383466
351900
357528
275610
272532
258576
259394
261948
258929
275560
406472
365460
354722
354991
411491
352607
352297
354605
353650
406374
274977
365000
270072
258454
257411
259486
259368
266194
258101
258008
260344
256604
341128
358038
274961
258527
360170
353669
357117
304908
363158
365675
355002
397333
354544
373902
352566
355549
356439
354360
361340
353660
353990
284521
258209
255760
260799
255029
272733
267694
269065
270660
268217
307143
259204
264097
261719
263690
253853
